<?xml version="1.0" encoding="UTF-8" standalone="no"?>
<!-- Created with Inkscape (http://www.inkscape.org/) -->

<svg
   width="90.48983"
   height="92.369232"
   viewBox="0 0 22.622458 23.092308"
   version="1.1"
   id="svg5"
   xml:space="preserve"
   inkscape:version="1.2 (56b05e47e7, 2022-06-09, custom)"
   sodipodi:docname="saw2"
   xmlns:inkscape="http://www.inkscape.org/namespaces/inkscape"
   xmlns:sodipodi="http://sodipodi.sourceforge.net/DTD/sodipodi-0.dtd"
   xmlns="http://www.w3.org/2000/svg"
   xmlns:svg="http://www.w3.org/2000/svg"><sodipodi:namedview
     id="namedview7"
     pagecolor="#505050"
     bordercolor="#eeeeee"
     borderopacity="1"
     inkscape:showpageshadow="0"
     inkscape:pageopacity="0"
     inkscape:pagecheckerboard="0"
     inkscape:deskcolor="#505050"
     inkscape:document-units="mm"
     showgrid="false"
     inkscape:zoom="4.9533333"
     inkscape:cx="68.135935"
     inkscape:cy="61.877524"
     inkscape:window-width="1920"
     inkscape:window-height="946"
     inkscape:window-x="0"
     inkscape:window-y="0"
     inkscape:window-maximized="1"
     inkscape:current-layer="svg5" /><defs
     id="defs2" /><path
     id="path481-1-0"
     style="display:inline;opacity:1;fill:#f25e5e;fill-opacity:1;stroke:#426a8c;stroke-width:0.155906;stroke-dasharray:none;stroke-opacity:1"
     d="m 10.454851,0.163578 c -0.362479,0.4912641 -0.5391657,1.3569455 -0.23305,1.5658424 0.186694,0.1274013 0.457907,0.1800326 0.815167,-0.09573 0.451488,-0.3430838 0.863539,-0.791792 1.339833,-1.0684362 l 2.069423,-0.070527 c -0.477474,0.237855 -0.972299,0.8971293 -0.91346,1.323299 0.03728,0.2700074 0.339476,0.4869903 0.872973,0.3145687 0.521153,-0.159385 1.012812,-0.4000966 1.493722,-0.5429772 l 2.026178,0.7267881 c -0.623183,0.324728 -1.336918,0.7209348 -1.249832,1.1397888 0.03795,0.182538 0.214698,0.324925 0.628647,0.368914 0.568393,0.0483 1.057119,-0.0059 1.663321,0.01729 l 1.577783,1.324371 c -0.484379,0.09174 -0.650805,0.127622 -1.014371,0.208166 -0.610466,0.135241 -0.540563,0.8584 -0.0069,1.034482 0.570678,0.188282 1.148514,0.360606 1.649824,0.687252 0.330422,0.532479 0.627639,1.164432 0.952945,1.699662 -0.537009,-0.03365 -1.231327,-0.313467 -1.508914,0.06543 -0.217594,0.297008 0.0629,0.621566 0.462914,1.043331 0.334551,0.2329634 0.633873,0.5486024 1.020544,0.9233924 l 0.399335,2.044548 c -0.414036,-0.375708 -1.061444,-0.78277 -1.450389,-0.645617 -0.239907,0.0846 -0.381647,0.395535 -0.115855,0.871951 0.264007,0.501595 0.505652,0.964518 0.779013,1.452583 l -0.283933,2.086786 c -0.313315,-0.485283 -0.799914,-1.046044 -1.128952,-1.015333 -0.236522,0.02208 -0.500361,0.136484 -0.42824,0.629475 0.07166,0.539787 0.127847,1.149975 0.20173,1.824243 l -0.927478,1.778373 c -0.218438,-0.522524 -0.394181,-1.290061 -0.740778,-1.363329 -0.306397,-0.06477 -0.525747,0.0214 -0.608144,0.541199 -0.111871,0.509454 -0.25787,0.987879 -0.369182,1.634382 -0.531385,0.464653 -1.010329,0.823184 -1.520301,1.311745 -0.07358,-0.777513 0.132603,-1.418936 -0.438027,-1.534779 -0.377898,-0.07672 -0.497696,0.144171 -0.802635,0.671093 -0.221009,0.339909 -0.272603,0.507008 -0.682763,1.109932 l -1.903237,0.726418 c 0.103404,-0.229647 0.242112,-0.511372 0.330803,-0.777459 0.09874,-0.296246 0.131046,-0.577086 -0.109095,-0.828117 -0.682639,-0.24124 -0.684527,0.113761 -1.186243,0.430755 -0.291743,0.284906 -0.513964,0.40521 -0.863846,0.731882 l -1.9877437,0.001 c 0.155551,-0.21707 0.329652,-0.30217 0.582045,-0.764695 0.179195,-0.328321 0.158464,-0.613814 0.0018,-0.744064 -0.165016,-0.137198 -0.480732,-0.107174 -0.867744,0.02244 -0.481868,0.143554 -0.977627,0.353553 -1.45944,0.425341 l -1.842429,-0.617333 c 0.632545,-0.276367 1.129171,-0.643672 1.16563,-0.965504 0.02638,-0.232903 -0.209,-0.453519 -0.708745,-0.543393 -0.562758,-0.02538 -1.131037,0.04253 -1.669781,-0.05068 L 1.9570228,17.945011 c 0.675292,0.02558 1.3106175,-0.137159 1.4229085,-0.37521 0.09184,-0.194705 0.04443,-0.59005 -0.439538,-0.786045 C 2.4410248,16.570952 1.8242398,16.40945 1.3719828,16.140865 L 0.30791984,14.374353 c 0.80260796,0.177261 1.30035096,0.325245 1.56104296,0.04698 0.237046,-0.253022 0.120024,-0.571937 -0.18484,-0.830795 -0.404111,-0.404444 -0.84043996,-0.658667 -1.18636096,-1.096101 l -0.392083,-1.936292 c 0.467722,0.197048 0.870067,0.628336 1.46058396,0.408066 0.128966,-0.112771 0.343462,-0.560677 -0.05081,-1.0455954 -0.212229,-0.421075 -0.53701996,-0.8199 -0.68100796,-1.254465 L 1.1110638,6.6226526 c 0.349215,0.384839 0.739866,1.197464 1.322419,0.970776 0.5131915,-0.216694 0.117606,-1.153192 0.105486,-1.733754 -0.09552,-0.392371 -0.144036,-0.776046 0.153964,-1.095598 l 0.7633245,-1.341133 c 0.113021,0.517813 0.28625,1.353247 0.857198,1.317605 0.593041,-0.03702 0.495902,-1.027303 0.683251,-1.592622 0.04529,-0.4043123 0.121568,-0.791216 0.505606,-1.00534 l 1.160058,-1.0507859 c -0.362313,0.8016373 0.299298,2.4123499 1.05671,1.1990486 0.316352,-0.4727144 0.556332,-1.037462 0.918359,-1.4551363 z"
     sodipodi:nodetypes="cscccscccscccssccscccscccscccscccscccscccccscccscccscccscccccccccccscccccc"
     inkscape:label="saw" /></svg>
